1.0 0.5 0.333333333333 0.25 0.2 0.166666666667 0.142857142857 0.125 0.111111111111 0.1 
0.5 0.333333333333 0.25 0.2 0.166666666667 0.142857142857 0.125 0.111111111111 0.1 0.0909090909091 
0.333333333333 0.25 0.2 0.166666666667 0.142857142857 0.125 0.111111111111 0.1 0.0909090909091 0.0833333333333 
0.25 0.2 0.166666666667 0.142857142857 0.125 0.111111111111 0.1 0.0909090909091 0.0833333333333 0.0769230769231 
0.2 0.166666666667 0.142857142857 0.125 0.111111111111 0.1 0.0909090909091 0.0833333333333 0.0769230769231 0.0714285714286 
0.166666666667 0.142857142857 0.125 0.111111111111 0.1 0.0909090909091 0.0833333333333 0.0769230769231 0.0714285714286 0.0666666666667 
0.142857142857 0.125 0.111111111111 0.1 0.0909090909091 0.0833333333333 0.0769230769231 0.0714285714286 0.0666666666667 0.0625 
0.125 0.111111111111 0.1 0.0909090909091 0.0833333333333 0.0769230769231 0.0714285714286 0.0666666666667 0.0625 0.0588235294118 
0.111111111111 0.1 0.0909090909091 0.0833333333333 0.0769230769231 0.0714285714286 0.0666666666667 0.0625 0.0588235294118 0.0555555555556 
0.1 0.0909090909091 0.0833333333333 0.0769230769231 0.0714285714286 0.0666666666667 0.0625 0.0588235294118 0.0555555555556 0.0526315789474 
