  0 30 -15  0  20
-30  0 -10 50   0
 15 10   0  5 -10
  0 50  -5  0 -30
-20  0  10 30   0
 20 -15  30   0   0   0  0  0
  0   0 -30   0 -10   0  0 50
  0  15   0 -10  10   0  5  0
  0   0   0   0   0 -30 -5 50
-20   0   0  10   0  30  0  0
  0   2   0  6  12  0  0
 -2   0   3  0   0  5  0
  0  -3   0  0   0  0 40
 -6   0   0  0   0  4  0
-12   0   0  0   0  0 30
  0  -5   0 -5   0  0  8
  0   0 -40  0 -30 -8  0
 2  0   0  0  6  0  0  12   0
-2  1   0  5  0  0  0   0   0
 0 -1  40  0  0  0  0   0   0
 0  0   0  0 -6  4  0   0   0
 0  0   0  0  0  0  0 -12  30
 0  0   0 -5  0 -4  8   0   0
 0  0 -40  0  0  0 -8   0 -30
